4.200
4.250
4.800
4.800
4.000
4.800
3.750
4.800
4.000
4.800
4.800
4.200
4.500
4.000
4.000
4.000
3.800
5.000
4.800
4.800
4.400
3.500
4.800
3.000
5.000
4.400
3.000
3.400
3.600
4.600
4.400
4.200
4.800
4.200
3.600
4.400
4.600
4.600
4.000
4.800
4.400
5.000
5.000
4.000
4.800
3.600
5.000
4.200
5.000
4.200
4.857
4.667
4.000
4.400
4.400
4.600
3.800
2.800
4.600
4.600
3.250
4.000
4.250
5.000
4.800
4.400
4.200
3.400
4.250
4.750
5.000
4.250
4.600
3.200
4.800
4.600
3.200
4.000
4.000
5.000
4.800
4.200
4.000
4.800
3.800
5.000
4.200
4.000
4.900
4.400
4.200
4.400
1.000
4.200
3.200
5.000
4.600
4.000
5.000
5.000
4.600
4.200
3.800
4.800
4.600
5.000
4.400
4.400
4.400
5.000
3.571
3.600
3.600
4.400
4.800
4.000
4.400
5.000
4.600
2.400
1.400
4.600
4.500
3.750
5.000
4.000
4.400
4.800
4.200
3.800
3.800
4.200
4.200
3.600
4.250
4.000
4.750
4.600
4.400
4.400
4.200
3.400
4.000
3.600
4.400
4.000
3.800
5.000
4.600
3.200
4.000
0.000
3.800
5.000
4.200
4.200
4.600
5.000
4.400
1.800
2.800
5.000
4.857
4.000
5.000
3.800
3.400
4.400
4.600
4.800
3.800
0.000
5.000
4.600
5.000
4.600
3.500
3.750
3.750
5.000
3.600
4.600
4.000
5.000
4.800
4.400
4.600
4.800
4.400
4.200
4.400
4.800
4.800
4.800
4.800
4.800
5.000
4.800
5.000
4.600
3.400
3.600
4.800
4.200
5.000
4.000
5.000
5.000
4.200
4.400
4.200
5.000
5.000
4.400
4.000
5.000
4.800
4.000
5.000
4.400
4.375
3.600
4.750
4.500
4.500
4.500
4.600
5.000
4.600
4.600
3.750
5.000
3.750
4.250
4.600
4.600
0.000
4.000
4.600
4.600
5.000
4.200
4.800
4.400
4.400
4.800
4.800
4.600
5.000
4.600
4.600
4.600
4.800
4.800
4.400
5.000
4.200
5.000
5.000
4.800
4.800
4.000
5.000
3.400
4.000
4.400
4.400
4.600
4.500
3.200
4.857
4.000
4.111
4.600
4.200
5.000
4.000
4.200
4.800
5.000
4.400
3.800
3.600
5.000
4.800
4.600
4.200
4.400
4.833
4.800
5.000
2.800
3.200
3.800
4.000
0.000
4.800
4.200
3.600
4.800
4.200
3.200
1.600
4.200
4.400
5.000
4.000
4.400
4.200
5.000
4.000
4.200
5.000
4.000
5.000
4.600
5.000
4.800
3.800
3.400
5.000
2.600
3.400
3.200
3.800
5.000
4.000
4.400
3.400
4.200
4.600
4.000
4.000
4.000
0.000
2.800
4.400
4.200
4.600
4.167
4.200
3.200
4.200
4.600
3.200
4.600
4.800
4.400
4.400
4.667
4.400
4.800
3.800
4.800
4.000
4.600
4.600
5.000
4.750
4.800
4.750
4.833
4.800
4.600
4.714
4.600
4.200
4.800
3.600
4.600
5.000
4.600
4.600
4.600
4.200
4.600
4.200
4.200
4.250
4.500
4.000
5.000
4.200
4.600
4.000
5.000
4.500
4.500
4.250
4.750
4.250
3.750
4.000
4.500
5.000
3.600
4.400
5.000
3.000
4.000
4.200
4.200
4.571
4.600
4.200
4.600
4.800
4.600
4.800
4.800
4.400
5.000
4.600
4.000
4.200
5.000
4.500
4.600
5.000
4.250
4.000
3.250
5.000
5.000
3.600
5.000
4.500
5.000
4.750
3.200
4.000
4.600
3.800
4.200
3.800
4.000
4.600
4.400
4.600
4.400
4.400
3.250
3.750
4.250
4.250
4.200
4.800
3.400
4.600
4.600
4.800
3.800
4.600
4.800
4.200
4.000
4.000
4.750
3.500
4.400
3.800
4.000
4.600
5.000
4.600
4.400
4.800
4.600
4.800
4.000
4.400
4.800
4.400
4.800
4.200
4.600
4.800
4.400
4.200
4.800
4.800
4.800
4.200
4.600
3.600
3.600
4.400
4.600
4.600
4.800
4.800
4.400
4.600
4.400
4.000
4.800
4.400
4.400
4.400
2.000
4.400
4.800
4.800
4.400
4.000
4.000
4.200
4.250
3.800
4.400
4.400
4.600
4.800
3.800
4.000
3.400
4.400
5.000
5.000
4.200
4.600
4.200
4.400
4.400
4.400
4.600
4.400
4.400
4.600
2.800
4.600
4.800
4.250
4.800
3.600
5.000
4.400
4.400
4.200
4.600
0.000
2.400
4.400
4.200
2.800
4.800
4.800
3.400
4.600
4.000
4.400
4.400
4.600
4.000
3.400
4.200
5.000
4.400
4.200
4.200
3.800
3.600
4.400
4.600
3.200
4.400
4.600
4.800
3.800
4.800
4.600
4.800
4.200
4.400
4.800
4.600
2.500
4.800
4.400
5.000
3.800
4.400
4.400
4.400
3.400
5.000
3.800
4.600
4.600
4.800
5.000
4.200
4.400
4.200
4.800
5.000
4.800
5.000
4.800
4.000
5.000
5.000
4.400
4.600
4.400
4.600
4.200
4.000
4.600
3.600
4.400
3.600
4.800
4.400
4.600
5.000
4.800
4.600
4.600
4.400
4.800
4.800
4.800
4.200
4.400
4.600
4.200
4.400
4.200
5.000
5.000
3.200
5.000
3.400
5.000
5.000
5.000
4.200
3.800
4.600
3.200
3.400
4.000
5.000
3.800
4.400
4.400
4.600
4.400
4.800
4.200
4.600
5.000
4.400
4.200
4.400
3.000
4.800
4.200
4.400
4.200
4.800
4.600
4.400
4.600
3.800
4.600
4.800
4.800
3.800
4.200
4.400
4.400
4.600
4.600
4.600
4.400
4.600
4.400
4.600
4.400
5.000
4.600
4.600
5.000
4.800
5.000
5.000
4.200
4.400
4.000
4.800
3.600
3.750
4.750
3.500
4.500
3.000
3.800
0.000
4.800
4.800
4.200
4.600
5.000
4.800
5.000
3.800
4.800
5.000
3.800
4.600
4.600
5.000
4.400
4.800
4.400
4.200
4.200
5.000
4.600
4.200
3.800
5.000
4.600
3.600
4.800
5.000
5.000
5.000
4.800
5.000
4.800
0.800
