4.000
3.750
2.800
3.400
2.400
1.333
4.600
3.800
4.200
2.600
4.400
4.200
5.000
5.000
5.000
3.400
5.000
4.000
3.200
5.000
4.400
3.600
3.600
0.800
1.400
3.200
3.800
4.200
3.000
3.600
3.000
3.000
3.000
4.800
2.500
2.250
3.500
3.500
3.000
3.000
3.667
1.667
3.600
3.800
3.400
3.400
3.800
2.800
3.750
4.400
3.750
2.750
3.750
2.250
3.800
3.200
3.800
4.800
4.000
1.400
4.200
1.800
4.200
2.000
2.600
3.250
5.000
3.000
3.750
4.250
4.750
3.250
3.750
3.250
3.800
5.000
3.600
3.800
2.000
3.400
4.200
3.400
3.000
3.000
3.250
2.750
2.600
3.400
3.600
3.600
4.800
4.000
3.600
3.400
2.400
4.222
3.000
3.000
2.750
4.000
1.750
1.750
4.500
3.250
5.000
3.000
2.800
2.667
4.000
4.400
4.250
4.176
3.000
2.500
3.800
4.600
1.400
2.800
2.800
4.200
1.000
4.200
2.750
2.500
3.500
4.750
3.000
3.500
4.000
2.000
3.200
3.600
3.800
5.000
4.000
3.000
2.500
3.000
4.000
2.000
3.000
2.625
3.200
4.000
3.200
2.400
4.400
3.600
2.400
3.600
4.600
4.400
4.400
4.600
4.400
2.600
3.600
4.200
3.200
2.000
2.800
1.600
3.400
4.000
2.600
2.800
3.000
3.600
5.000
3.400
4.000
4.000
3.500
4.500
3.200
3.800
3.200
4.000
3.250
3.000
4.250
1.500
4.250
4.250
0.750
3.000
3.500
3.750
4.000
1.750
1.750
3.750
4.000
2.000
3.400
1.400
4.800
2.000
3.400
2.400
3.400
4.800
2.600
2.400
2.600
2.800
4.400
3.200
2.400
4.000
3.250
4.000
2.750
4.000
3.600
3.600
4.400
3.800
4.200
3.600
4.600
3.600
3.250
4.000
4.500
2.500
3.750
4.000
1.500
3.750
3.455
5.000
3.750
4.000
2.500
0.250
1.750
5.000
3.833
3.750
3.250
2.750
3.000
4.400
3.200
4.600
3.600
4.400
3.400
4.056
3.500
5.000
3.000
3.750
4.000
4.000
4.750
3.750
3.800
4.000
3.500
3.000
3.176
4.200
3.400
4.600
4.000
4.000
3.250
3.643
3.600
4.000
1.000
3.400
1.750
3.000
3.250
2.750
3.400
3.600
3.200
3.200
2.800
2.400
3.400
3.600
3.800
3.400
4.800
3.800
3.333
2.500
3.500
1.900
3.000
3.600
2.400
3.200
2.000
3.800
3.000
3.692
3.000
3.000
2.750
3.250
3.250
3.750
3.600
3.500
5.000
3.750
3.000
4.000
3.333
3.333
4.667
3.333
2.600
2.400
3.857
1.800
3.600
2.400
3.000
2.000
1.600
4.000
3.600
3.800
4.400
3.000
3.800
3.000
4.250
1.273
1.000
3.000
4.000
3.500
4.000
3.250
2.000
1.000
3.000
2.600
2.600
4.600
3.200
3.000
4.750
2.750
4.500
2.750
2.200
3.000
2.400
3.000
3.000
4.000
2.588
3.600
4.667
3.333
2.333
3.333
3.000
2.250
2.500
3.250
4.000
4.500
3.500
4.750
2.000
3.600
2.769
3.400
4.000
3.500
2.000
4.000
2.800
1.400
4.000
3.200
1.800
3.400
4.733
1.600
3.200
4.800
1.400
2.600
3.500
3.750
3.250
1.750
3.000
3.500
3.250
0.500
2.250
4.000
3.250
4.250
2.400
2.400
4.000
3.000
3.400
3.800
4.000
3.200
3.500
2.500
4.500
4.500
3.600
2.800
4.800
0.800
4.091
2.250
5.000
3.750
3.667
2.667
3.333
3.000
3.444
3.800
3.000
3.600
3.750
5.000
3.000
3.250
3.400
3.800
3.600
3.400
3.600
2.400
2.400
2.400
4.500
0.889
3.250
4.750
4.750
4.000
3.500
5.000
3.600
3.000
3.800
3.000
1.800
4.800
3.800
3.600
4.000
4.600
3.800
4.800
2.000
3.200
2.200
4.000
4.200
2.000
1.200
4.000
3.000
0.800
2.800
3.000
3.800
4.400
2.600
1.400
3.200
1.600
3.000
3.273
4.000
3.250
3.250
5.000
3.500
3.417
1.750
2.700
2.750
3.750
3.750
4.111
3.600
4.000
4.200
3.750
3.800
4.400
3.600
4.600
1.667
4.000
4.333
3.000
3.500
3.500
2.000
3.750
2.000
4.333
1.800
2.667
3.800
3.200
2.800
2.200
4.333
2.000
3.000
2.333
3.250
2.250
3.500
2.250
0.750
4.000
3.500
5.000
3.750
3.750
4.250
4.500
4.000
3.250
0.750
2.750
4.000
3.400
2.200
3.400
3.400
2.600
3.400
3.600
3.250
5.000
4.250
3.400
4.250
3.250
4.250
3.750
3.667
4.333
3.909
3.933
3.750
3.750
4.250
4.250
3.500
4.750
3.250
2.750
3.000
3.800
3.400
3.857
4.000
3.400
3.200
3.000
3.200
3.600
1.600
3.800
2.600
1.600
2.000
3.600
4.500
4.000
3.000
2.500
3.500
3.000
3.769
3.400
1.800
3.000
3.000
3.400
4.250
3.250
4.000
4.000
4.000
3.625
4.250
3.500
4.000
3.200
3.400
4.000
3.400
2.800
3.600
4.800
3.800
2.400
1.600
3.200
3.800
4.200
5.000
3.400
1.000
3.333
4.000
3.333
3.200
4.000
3.800
2.200
3.750
3.000
1.250
3.250
3.333
2.000
3.000
2.667
3.667
3.667
4.333
1.333
2.200
1.200
4.400
3.400
4.200
3.000
3.400
4.800
2.750
4.000
1.000
4.250
3.000
3.500
4.250
4.000
1.750
3.067
3.250
3.750
2.250
2.500
3.750
3.250
4.000
4.000
3.444
2.750
4.600
2.800
4.800
0.600
2.750
2.750
3.250
3.250
2.500
2.250
1.500
3.000
3.800
4.308
3.400
3.200
3.500
3.750
1.750
1.250
3.400
1.200
3.800
3.200
3.500
4.750
3.500
2.000
2.800
1.400
2.000
4.800
3.800
4.600
1.400
3.600
3.000
1.600
4.000
2.400
3.500
0.750
5.000
5.000
4.000
3.000
1.333
3.667
3.091
3.800
4.400
4.800
3.000
2.667
4.000
3.000
4.000
5.000
3.400
3.400
3.857
2.750
4.000
1.500
3.750
2.750
4.000
1.500
1.800
4.000
3.000
3.600
3.400
3.000
2.600
3.200
3.500
3.250
3.750
3.250
